crossing time (s)	slope (V/s)	crossing number
281474976710655.000000	-39.281658	3586	0.000000
281474976710655.000000	-56.268661	3587	0.000000
281474976710655.000000	-64.494667	3588	0.000000
281474976710655.000000	-56.878044	3589	0.000000
281474976710655.000000	-57.031502	3590	0.000000
281474976710655.000000	-42.444633	3591	0.000000
281474976710655.000000	-44.919285	3592	0.000000
281474976710655.000000	-62.200615	3593	0.000000
281474976710655.000000	-56.616444	3594	0.000000
281474976710655.000000	-43.807980	3595	0.000000
281474976710655.000000	-48.063625	3596	0.000000
281474976710655.000000	-107.744698	3597	0.000000
281474976710655.000000	-42.139336	3598	0.000000
281474976710655.000000	-86.122330	3599	0.000000
281474976710655.000000	-42.053368	3600	0.000000
281474976710655.000000	-56.704437	3601	0.000000
281474976710655.000000	-114.389000	3602	0.000000
281474976710655.000000	-74.050735	3603	0.000000
281474976710655.000000	-57.082806	3604	0.000000
281474976710655.000000	-48.002934	3605	0.000000
281474976710655.000000	-71.761269	3606	0.000000
281474976710655.000000	-58.822964	3607	0.000000
281474976710655.000000	-42.236801	3608	0.000000
281474976710655.000000	-72.597748	3609	0.000000
281474976710655.000000	-51.280582	3610	0.000000
281474976710655.000000	-55.242207	3611	0.000000
281474976710655.000000	-44.140202	3612	0.000000
281474976710655.000000	-77.401382	3613	0.000000
281474976710655.000000	-37.810593	3614	0.000000
281474976710655.000000	-57.628670	3615	0.000000
281474976710655.000000	-61.751011	3616	0.000000
281474976710655.000000	-56.487919	3617	0.000000
281474976710655.000000	-59.613297	3618	0.000000
281474976710655.000000	-54.490005	3619	0.000000
281474976710655.000000	-46.818794	3620	0.000000
281474976710655.000000	-84.543900	3621	0.000000
281474976710655.000000	-57.135067	3622	0.000000
281474976710655.000000	-57.235382	3623	0.000000
281474976710655.000000	-42.910969	3624	0.000000
281474976710655.000000	-55.700130	3625	0.000000
281474976710655.000000	-82.215973	3626	0.000000
281474976710655.000000	-55.217709	3627	0.000000
281474976710655.000000	-56.335712	3628	0.000000
281474976710655.000000	-41.642193	3629	0.000000
281474976710655.000000	-37.666515	3630	0.000000
281474976710655.000000	-54.222775	3631	0.000000
281474976710655.000000	-69.178291	3632	0.000000
281474976710655.000000	-55.071648	3633	0.000000
281474976710655.000000	-35.444717	3634	0.000000
281474976710655.000000	-54.725235	3635	0.000000
281474976710655.000000	-51.507965	3636	0.000000
281474976710655.000000	-54.602222	3637	0.000000
281474976710655.000000	-42.175331	3638	0.000000
281474976710655.000000	-52.629971	3639	0.000000
281474976710655.000000	-52.400230	3640	0.000000
281474976710655.000000	-52.546764	3641	0.000000
281474976710655.000000	-70.507477	3642	0.000000
281474976710655.000000	-52.684265	3643	0.000000
281474976710655.000000	-82.565994	3644	0.000000
281474976710655.000000	-39.490898	3645	0.000000
281474976710655.000000	-54.386139	3646	0.000000
281474976710655.000000	-70.761246	3647	0.000000
281474976710655.000000	-54.356171	3648	0.000000
281474976710655.000000	-53.944214	3649	0.000000
281474976710655.000000	-50.214645	3650	0.000000
281474976710655.000000	-52.252346	3651	0.000000
281474976710655.000000	-71.514328	3652	0.000000
281474976710655.000000	-52.806152	3653	0.000000
281474976710655.000000	-54.248466	3654	0.000000
281474976710655.000000	-52.767136	3655	0.000000
281474976710655.000000	-41.321476	3656	0.000000
281474976710655.000000	-42.399307	3657	0.000000
281474976710655.000000	-68.753479	3658	0.000000
281474976710655.000000	-55.085400	3659	0.000000
281474976710655.000000	-67.401184	3660	0.000000
281474976710655.000000	-41.263664	3661	0.000000
281474976710655.000000	-50.399712	3662	0.000000
281474976710655.000000	-80.253075	3663	0.000000
281474976710655.000000	-47.876949	3664	0.000000
281474976710655.000000	-51.417408	3665	0.000000
281474976710655.000000	-46.071690	3666	0.000000
281474976710655.000000	-52.464054	3667	0.000000
281474976710655.000000	-41.593204	3668	0.000000
281474976710655.000000	-53.851471	3669	0.000000
281474976710655.000000	-50.772892	3670	0.000000
281474976710655.000000	-51.365658	3671	0.000000
281474976710655.000000	-50.838017	3672	0.000000
281474976710655.000000	-41.432384	3673	0.000000
281474976710655.000000	-51.378586	3674	0.000000
281474976710655.000000	-36.985584	3675	0.000000
281474976710655.000000	-50.905617	3676	0.000000
281474976710655.000000	-41.220795	3677	0.000000
281474976710655.000000	-40.984222	3678	0.000000
281474976710655.000000	-50.143333	3679	0.000000
281474976710655.000000	-52.531528	3680	0.000000
281474976710655.000000	-50.174938	3681	0.000000
281474976710655.000000	-69.597351	3682	0.000000
281474976710655.000000	-49.362820	3683	0.000000
281474976710655.000000	-55.729275	3684	0.000000
281474976710655.000000	-38.612309	3685	0.000000
281474976710655.000000	-65.130730	3686	0.000000
281474976710655.000000	-41.890938	3687	0.000000
281474976710655.000000	-66.253021	3688	0.000000
281474976710655.000000	-38.588703	3689	0.000000
281474976710655.000000	-67.064728	3690	0.000000
281474976710655.000000	-49.673512	3691	0.000000
281474976710655.000000	-51.127556	3692	0.000000
281474976710655.000000	-39.867775	3693	0.000000
281474976710655.000000	-50.841198	3694	0.000000
281474976710655.000000	-48.089306	3695	0.000000
281474976710655.000000	-51.361710	3696	0.000000
281474976710655.000000	-38.303013	3697	0.000000
281474976710655.000000	-38.526402	3698	0.000000
281474976710655.000000	-49.471375	3699	0.000000
281474976710655.000000	-39.272274	3700	0.000000
281474976710655.000000	-49.672962	3701	0.000000
281474976710655.000000	-38.941662	3702	0.000000
281474976710655.000000	-53.654205	3703	0.000000
281474976710655.000000	-54.605011	3704	0.000000
281474976710655.000000	-76.533096	3705	0.000000
281474976710655.000000	-50.190392	3706	0.000000
281474976710655.000000	-54.894489	3707	0.000000
281474976710655.000000	-42.213100	3708	0.000000
281474976710655.000000	-51.767250	3709	0.000000
281474976710655.000000	-49.467682	3710	0.000000
281474976710655.000000	-39.885647	3711	0.000000
281474976710655.000000	-49.362514	3712	0.000000
281474976710655.000000	-47.662334	3713	0.000000
281474976710655.000000	-59.313999	3714	0.000000
281474976710655.000000	-66.122299	3715	0.000000
281474976710655.000000	-48.245029	3716	0.000000
281474976710655.000000	-65.456398	3717	0.000000
281474976710655.000000	-38.338776	3718	0.000000
281474976710655.000000	-51.430973	3719	0.000000
281474976710655.000000	-39.726776	3720	0.000000
281474976710655.000000	-36.391884	3721	0.000000
281474976710655.000000	-50.965530	3722	0.000000
281474976710655.000000	-51.160797	3723	0.000000
281474976710655.000000	-49.123943	3724	0.000000
281474976710655.000000	-37.087421	3725	0.000000
281474976710655.000000	-65.119736	3726	0.000000
281474976710655.000000	-45.244072	3727	0.000000
281474976710655.000000	-74.428978	3728	0.000000
281474976710655.000000	-64.781433	3729	0.000000
281474976710655.000000	-48.585640	3730	0.000000
281474976710655.000000	-36.883202	3731	0.000000
281474976710655.000000	-47.128407	3732	0.000000
281474976710655.000000	-39.989727	3733	0.000000
281474976710655.000000	-61.540550	3734	0.000000
281474976710655.000000	-36.902832	3735	0.000000
281474976710655.000000	-61.558842	3736	0.000000
281474976710655.000000	-36.101452	3737	0.000000
281474976710655.000000	-36.713783	3738	0.000000
281474976710655.000000	-46.521832	3739	0.000000
281474976710655.000000	-63.374130	3740	0.000000
281474976710655.000000	-47.647190	3741	0.000000
281474976710655.000000	-47.565407	3742	0.000000
281474976710655.000000	-52.769604	3743	0.000000
281474976710655.000000	-40.880550	3744	0.000000
281474976710655.000000	-52.500614	3745	0.000000
281474976710655.000000	-37.586193	3746	0.000000
281474976710655.000000	-56.689362	3747	0.000000
281474976710655.000000	-42.637547	3748	0.000000
281474976710655.000000	-48.708782	3749	0.000000
281474976710655.000000	-38.327747	3750	0.000000
281474976710655.000000	-60.065884	3751	0.000000
281474976710655.000000	-47.488514	3752	0.000000
281474976710655.000000	-59.047371	3753	0.000000
281474976710655.000000	-44.514942	3754	0.000000
281474976710655.000000	-45.824429	3755	0.000000
281474976710655.000000	-47.381401	3756	0.000000
281474976710655.000000	-42.073280	3757	0.000000
281474976710655.000000	-41.222569	3758	0.000000
281474976710655.000000	-35.744438	3759	0.000000
281474976710655.000000	-48.039116	3760	0.000000
281474976710655.000000	-37.634796	3761	0.000000
281474976710655.000000	-63.313625	3762	0.000000
281474976710655.000000	-34.030125	3763	0.000000
281474976710655.000000	-64.650253	3764	0.000000
281474976710655.000000	-53.654163	3765	0.000000
281474976710655.000000	-45.017689	3766	0.000000
281474976710655.000000	-44.789791	3767	0.000000
281474976710655.000000	-46.423252	3768	0.000000
281474976710655.000000	-35.239170	3769	0.000000
281474976710655.000000	-40.128551	3770	0.000000
281474976710655.000000	-34.036903	3771	0.000000
281474976710655.000000	-38.767132	3772	0.000000
281474976710655.000000	-59.150928	3773	0.000000
281474976710655.000000	-36.752533	3774	0.000000
281474976710655.000000	-54.819374	3775	0.000000
281474976710655.000000	-55.106277	3776	0.000000
281474976710655.000000	-54.619465	3777	0.000000
281474976710655.000000	-54.256321	3778	0.000000
281474976710655.000000	-43.307499	3779	0.000000
281474976710655.000000	-56.121288	3780	0.000000
281474976710655.000000	-43.912693	3781	0.000000
281474976710655.000000	-45.457912	3782	0.000000
281474976710655.000000	-43.657772	3783	0.000000
281474976710655.000000	-40.910755	3784	0.000000
281474976710655.000000	-38.841869	3785	0.000000
281474976710655.000000	-51.429497	3786	0.000000
281474976710655.000000	-34.664989	3787	0.000000
281474976710655.000000	-43.529209	3788	0.000000
281474976710655.000000	-43.941669	3789	0.000000
281474976710655.000000	-33.592178	3790	0.000000
281474976710655.000000	-50.609612	3791	0.000000
281474976710655.000000	-37.883591	3792	0.000000
281474976710655.000000	-56.585182	3793	0.000000
281474976710655.000000	-43.883892	3794	0.000000
281474976710655.000000	-51.566399	3795	0.000000
281474976710655.000000	-54.599213	3796	0.000000
281474976710655.000000	-36.019470	3797	0.000000
281474976710655.000000	-35.052166	3798	0.000000
281474976710655.000000	-36.026535	3799	0.000000
281474976710655.000000	-34.984703	3800	0.000000
281474976710655.000000	-40.828075	3801	0.000000
281474976710655.000000	-50.795673	3802	0.000000
281474976710655.000000	-36.933464	3803	0.000000
281474976710655.000000	-43.566795	3804	0.000000
281474976710655.000000	-35.355003	3805	0.000000
281474976710655.000000	-44.123608	3806	0.000000
281474976710655.000000	-43.843288	3807	0.000000
281474976710655.000000	-42.814320	3808	0.000000
281474976710655.000000	-36.994251	3809	0.000000
281474976710655.000000	-52.469204	3810	0.000000
281474976710655.000000	-37.823185	3811	0.000000
281474976710655.000000	-42.099037	3812	0.000000
281474976710655.000000	-56.081131	3813	0.000000
281474976710655.000000	-45.125782	3814	0.000000
281474976710655.000000	-51.966980	3815	0.000000
281474976710655.000000	-42.026592	3816	0.000000
281474976710655.000000	-46.536350	3817	0.000000
281474976710655.000000	-43.315910	3818	0.000000
281474976710655.000000	-51.147564	3819	0.000000
281474976710655.000000	-36.180672	3820	0.000000
281474976710655.000000	-51.563747	3821	0.000000
281474976710655.000000	-57.136093	3822	0.000000
281474976710655.000000	-54.600662	3823	0.000000
281474976710655.000000	-52.294956	3824	0.000000
281474976710655.000000	-36.321373	3825	0.000000
281474976710655.000000	-42.540596	3826	0.000000
281474976710655.000000	-41.862740	3827	0.000000
281474976710655.000000	-45.045341	3828	0.000000
281474976710655.000000	-49.315773	3829	0.000000
281474976710655.000000	-52.543156	3830	0.000000
281474976710655.000000	-34.706299	3831	0.000000
281474976710655.000000	-42.170753	3832	0.000000
281474976710655.000000	-38.304249	3833	0.000000
281474976710655.000000	-48.477253	3834	0.000000
281474976710655.000000	-40.430981	3835	0.000000
281474976710655.000000	-40.536106	3836	0.000000
281474976710655.000000	-40.778740	3837	0.000000
281474976710655.000000	-51.071022	3838	0.000000
281474976710655.000000	-33.785198	3839	0.000000
281474976710655.000000	-40.575966	3840	0.000000
281474976710655.000000	-34.834969	3841	0.000000
281474976710655.000000	-39.795502	3842	0.000000
281474976710655.000000	-42.842525	3843	0.000000
281474976710655.000000	-40.498486	3844	0.000000
281474976710655.000000	-45.227310	3845	0.000000
281474976710655.000000	-49.230312	3846	0.000000
281474976710655.000000	-32.551342	3847	0.000000
281474976710655.000000	-50.766975	3848	0.000000
281474976710655.000000	-35.295109	3849	0.000000
281474976710655.000000	-36.669228	3850	0.000000
281474976710655.000000	-31.710966	3851	0.000000
281474976710655.000000	-34.712688	3852	0.000000
281474976710655.000000	-32.595596	3853	0.000000
281474976710655.000000	-40.546654	3854	0.000000
281474976710655.000000	-49.367252	3855	0.000000
281474976710655.000000	-55.624622	3856	0.000000
281474976710655.000000	-51.522827	3857	0.000000
281474976710655.000000	-34.910496	3858	0.000000
281474976710655.000000	-40.568020	3859	0.000000
281474976710655.000000	-41.600090	3860	0.000000
281474976710655.000000	-50.662766	3861	0.000000
281474976710655.000000	-37.229317	3862	0.000000
281474976710655.000000	-51.267242	3863	0.000000
281474976710655.000000	-39.907841	3864	0.000000
281474976710655.000000	-44.195339	3865	0.000000
281474976710655.000000	-48.468876	3866	0.000000
281474976710655.000000	-31.756212	3867	0.000000
281474976710655.000000	-49.305145	3868	0.000000
281474976710655.000000	-44.649368	3869	0.000000
281474976710655.000000	-33.575455	3870	0.000000
281474976710655.000000	-47.283047	3871	0.000000
281474976710655.000000	-32.967487	3872	0.000000
281474976710655.000000	-44.304333	3873	0.000000
281474976710655.000000	-41.889961	3874	0.000000
281474976710655.000000	-35.362450	3875	0.000000
281474976710655.000000	-40.016727	3876	0.000000
281474976710655.000000	-33.266666	3877	0.000000
281474976710655.000000	-39.560562	3878	0.000000
281474976710655.000000	-33.509647	3879	0.000000
281474976710655.000000	-48.701447	3880	0.000000
281474976710655.000000	-34.732124	3881	0.000000
281474976710655.000000	-51.092281	3882	0.000000
281474976710655.000000	-32.278851	3883	0.000000
281474976710655.000000	-34.564930	3884	0.000000
281474976710655.000000	-40.687824	3885	0.000000
281474976710655.000000	-33.194481	3886	0.000000
281474976710655.000000	-38.917721	3887	0.000000
281474976710655.000000	-32.648239	3888	0.000000
281474976710655.000000	-33.437500	3889	0.000000
281474976710655.000000	-31.459524	3890	0.000000
281474976710655.000000	-36.641457	3891	0.000000
281474976710655.000000	-47.579231	3892	0.000000
281474976710655.000000	-39.504330	3893	0.000000
281474976710655.000000	-34.174294	3894	0.000000
281474976710655.000000	-39.205265	3895	0.000000
281474976710655.000000	-44.751877	3896	0.000000
281474976710655.000000	-39.270393	3897	0.000000
281474976710655.000000	-33.846107	3898	0.000000
281474976710655.000000	-49.324837	3899	0.000000
281474976710655.000000	-46.705887	3900	0.000000
281474976710655.000000	-37.942333	3901	0.000000
281474976710655.000000	-46.012875	3902	0.000000
281474976710655.000000	-47.217770	3903	0.000000
281474976710655.000000	-39.326267	3904	0.000000
281474976710655.000000	-33.067307	3905	0.000000
281474976710655.000000	-37.746880	3906	0.000000
281474976710655.000000	-38.387264	3907	0.000000
281474976710655.000000	-36.538372	3908	0.000000
281474976710655.000000	-33.326134	3909	0.000000
281474976710655.000000	-38.105976	3910	0.000000
281474976710655.000000	-31.038206	3911	0.000000
281474976710655.000000	-29.548576	3912	0.000000
281474976710655.000000	-30.386717	3913	0.000000
281474976710655.000000	-33.003494	3914	0.000000
281474976710655.000000	-44.607136	3915	0.000000
281474976710655.000000	-43.536869	3916	0.000000
281474976710655.000000	-32.287754	3917	0.000000
281474976710655.000000	-46.661465	3918	0.000000
281474976710655.000000	-32.170486	3919	0.000000
281474976710655.000000	-37.443615	3920	0.000000
281474976710655.000000	-33.441311	3921	0.000000
281474976710655.000000	-43.826115	3922	0.000000
281474976710655.000000	-34.964752	3923	0.000000
281474976710655.000000	-32.957123	3924	0.000000
281474976710655.000000	-39.013908	3925	0.000000
281474976710655.000000	-43.171562	3926	0.000000
281474976710655.000000	-30.331551	3927	0.000000
281474976710655.000000	-33.229755	3928	0.000000
281474976710655.000000	-40.595303	3929	0.000000
281474976710655.000000	-37.665478	3930	0.000000
281474976710655.000000	-40.717777	3931	0.000000
281474976710655.000000	-40.733418	3932	0.000000
281474976710655.000000	-42.082775	3933	0.000000
281474976710655.000000	-32.782753	3934	0.000000
281474976710655.000000	-34.615917	3935	0.000000
281474976710655.000000	-36.469063	3936	0.000000
281474976710655.000000	-30.892025	3937	0.000000
281474976710655.000000	-42.611301	3938	0.000000
281474976710655.000000	-30.317156	3939	0.000000
281474976710655.000000	-32.333675	3940	0.000000
281474976710655.000000	-38.877884	3941	0.000000
281474976710655.000000	-30.489237	3942	0.000000
281474976710655.000000	-35.887917	3943	0.000000
281474976710655.000000	-32.514023	3944	0.000000
281474976710655.000000	-28.342506	3945	0.000000
281474976710655.000000	-44.440464	3946	0.000000
281474976710655.000000	-32.893642	3947	0.000000
281474976710655.000000	-33.040081	3948	0.000000
281474976710655.000000	-38.391911	3949	0.000000
281474976710655.000000	-38.012234	3950	0.000000
281474976710655.000000	-37.294930	3951	0.000000
281474976710655.000000	-31.076029	3952	0.000000
281474976710655.000000	-36.832626	3953	0.000000
281474976710655.000000	-33.684349	3954	0.000000
281474976710655.000000	-36.385670	3955	0.000000
281474976710655.000000	-29.115280	3956	0.000000
281474976710655.000000	-29.631868	3957	0.000000
281474976710655.000000	-37.176727	3958	0.000000
281474976710655.000000	-38.773952	3959	0.000000
281474976710655.000000	-33.939125	3960	0.000000
281474976710655.000000	-41.586567	3961	0.000000
281474976710655.000000	-42.330193	3962	0.000000
281474976710655.000000	-31.223883	3963	0.000000
281474976710655.000000	-31.756241	3964	0.000000
281474976710655.000000	-37.091888	3965	0.000000
281474976710655.000000	-35.356632	3966	0.000000
281474976710655.000000	-40.280663	3967	0.000000
281474976710655.000000	-40.387650	3968	0.000000
281474976710655.000000	-36.767990	3969	0.000000
281474976710655.000000	-30.855011	3970	0.000000
281474976710655.000000	-37.464333	3971	0.000000
281474976710655.000000	-32.635113	3972	0.000000
281474976710655.000000	-34.693886	3973	0.000000
281474976710655.000000	-29.597345	3974	0.000000
281474976710655.000000	-33.054089	3975	0.000000
281474976710655.000000	-31.697008	3976	0.000000
281474976710655.000000	-31.959436	3977	0.000000
281474976710655.000000	-34.971622	3978	0.000000
281474976710655.000000	-40.530548	3979	0.000000
281474976710655.000000	-32.347321	3980	0.000000
281474976710655.000000	-37.506924	3981	0.000000
281474976710655.000000	-28.001024	3982	0.000000
281474976710655.000000	-29.370533	3983	0.000000
281474976710655.000000	-35.930984	3984	0.000000
281474976710655.000000	-39.729294	3985	0.000000
281474976710655.000000	-31.137707	3986	0.000000
281474976710655.000000	-32.061741	3987	0.000000
281474976710655.000000	-38.290417	3988	0.000000
281474976710655.000000	-31.102945	3989	0.000000
281474976710655.000000	-32.299671	3990	0.000000
281474976710655.000000	-34.588139	3991	0.000000
281474976710655.000000	-34.167080	3992	0.000000
281474976710655.000000	-39.181610	3993	0.000000
281474976710655.000000	-31.368607	3994	0.000000
281474976710655.000000	-31.806770	3995	0.000000
281474976710655.000000	-28.422630	3996	0.000000
281474976710655.000000	-33.928837	3997	0.000000
281474976710655.000000	-27.568552	3998	0.000000
281474976710655.000000	-32.084965	3999	0.000000
281474976710655.000000	-31.302156	4000	0.000000
281474976710655.000000	-34.429859	4001	0.000000
281474976710655.000000	-29.781096	4002	0.000000
281474976710655.000000	-36.276676	4003	0.000000
281474976710655.000000	-36.595123	4004	0.000000
281474976710655.000000	-29.460531	4005	0.000000
281474976710655.000000	-31.023514	4006	0.000000
281474976710655.000000	-35.388187	4007	0.000000
281474976710655.000000	-33.714458	4008	0.000000
281474976710655.000000	-27.866745	4009	0.000000
281474976710655.000000	-30.763132	4010	0.000000
281474976710655.000000	-27.013889	4011	0.000000
281474976710655.000000	-29.124659	4012	0.000000
281474976710655.000000	-33.130589	4013	0.000000
281474976710655.000000	-31.854427	4014	0.000000
281474976710655.000000	-29.442244	4015	0.000000
281474976710655.000000	-34.291409	4016	0.000000
281474976710655.000000	-35.376373	4017	0.000000
281474976710655.000000	-28.126436	4018	0.000000
281474976710655.000000	-31.214024	4019	0.000000
281474976710655.000000	-37.904579	4020	0.000000
281474976710655.000000	-36.438210	4021	0.000000
281474976710655.000000	-36.940205	4022	0.000000
281474976710655.000000	-28.098782	4023	0.000000
281474976710655.000000	-30.392797	4024	0.000000
281474976710655.000000	-31.159948	4025	0.000000
281474976710655.000000	-34.850235	4026	0.000000
281474976710655.000000	-31.353518	4027	0.000000
281474976710655.000000	-35.296387	4028	0.000000
281474976710655.000000	-28.440487	4029	0.000000
281474976710655.000000	-26.538641	4030	0.000000
281474976710655.000000	-35.886768	4031	0.000000
281474976710655.000000	-27.994204	4032	0.000000
281474976710655.000000	-27.572535	4033	0.000000
