crossing time (s)	slope (V/s)	crossing number
281474976710655.000000	109.457558	2045	0.000000
281474976710655.000000	56.578785	2046	0.000000
281474976710655.000000	105.204826	2047	0.000000
281474976710655.000000	101.689163	2048	0.000000
281474976710655.000000	109.987869	2049	0.000000
281474976710655.000000	54.809742	2050	0.000000
281474976710655.000000	110.692360	2051	0.000000
281474976710655.000000	101.133408	2052	0.000000
281474976710655.000000	99.700920	2053	0.000000
281474976710655.000000	109.792297	2054	0.000000
281474976710655.000000	204.727280	2055	0.000000
281474976710655.000000	107.431297	2056	0.000000
281474976710655.000000	98.126282	2057	0.000000
281474976710655.000000	107.616196	2058	0.000000
281474976710655.000000	99.627617	2059	0.000000
281474976710655.000000	95.649239	2060	0.000000
281474976710655.000000	102.951683	2061	0.000000
281474976710655.000000	Inf	2062	0.000000
281474976710655.000000	Inf	2063	0.000000
281474976710655.000000	53.822399	2064	0.000000
281474976710655.000000	105.356758	2065	0.000000
281474976710655.000000	103.887131	2066	0.000000
281474976710655.000000	103.433968	2067	0.000000
281474976710655.000000	110.485855	2068	0.000000
281474976710655.000000	103.665764	2069	0.000000
281474976710655.000000	104.766586	2070	0.000000
281474976710655.000000	103.513374	2071	0.000000
281474976710655.000000	Inf	2072	0.000000
281474976710655.000000	111.289200	2073	0.000000
281474976710655.000000	97.750015	2074	0.000000
281474976710655.000000	Inf	2075	0.000000
281474976710655.000000	98.453758	2076	0.000000
281474976710655.000000	113.921295	2077	0.000000
281474976710655.000000	103.116165	2078	0.000000
281474976710655.000000	105.966187	2079	0.000000
281474976710655.000000	109.541298	2080	0.000000
281474976710655.000000	Inf	2081	0.000000
281474976710655.000000	Inf	2082	0.000000
281474976710655.000000	105.760750	2083	0.000000
281474976710655.000000	100.737045	2084	0.000000
281474976710655.000000	98.534760	2085	0.000000
281474976710655.000000	100.082245	2086	0.000000
281474976710655.000000	100.171425	2087	0.000000
281474976710655.000000	97.945084	2088	0.000000
281474976710655.000000	99.320961	2089	0.000000
281474976710655.000000	96.162605	2090	0.000000
281474976710655.000000	100.396065	2091	0.000000
281474976710655.000000	Inf	2092	0.000000
281474976710655.000000	94.858109	2093	0.000000
281474976710655.000000	100.190735	2094	0.000000
281474976710655.000000	103.218842	2095	0.000000
281474976710655.000000	98.037323	2096	0.000000
281474976710655.000000	99.470764	2097	0.000000
281474976710655.000000	100.642357	2098	0.000000
281474976710655.000000	102.331825	2099	0.000000
281474976710655.000000	102.750130	2100	0.000000
281474976710655.000000	100.080704	2101	0.000000
281474976710655.000000	100.604729	2102	0.000000
281474976710655.000000	105.890587	2103	0.000000
281474976710655.000000	76.951378	2104	0.000000
281474976710655.000000	103.198296	2105	0.000000
281474976710655.000000	90.050507	2106	0.000000
281474976710655.000000	51.407795	2107	0.000000
281474976710655.000000	92.049606	2108	0.000000
281474976710655.000000	86.193321	2109	0.000000
281474976710655.000000	166.622711	2110	0.000000
281474976710655.000000	76.597740	2111	0.000000
281474976710655.000000	171.823975	2112	0.000000
281474976710655.000000	88.070686	2113	0.000000
281474976710655.000000	84.512566	2114	0.000000
281474976710655.000000	82.672409	2115	0.000000
281474976710655.000000	92.919647	2116	0.000000
281474976710655.000000	81.815300	2117	0.000000
281474976710655.000000	93.325691	2118	0.000000
281474976710655.000000	82.998634	2119	0.000000
281474976710655.000000	86.717590	2120	0.000000
281474976710655.000000	75.603676	2121	0.000000
281474976710655.000000	81.636147	2122	0.000000
281474976710655.000000	76.979362	2123	0.000000
281474976710655.000000	82.792778	2124	0.000000
281474976710655.000000	80.144135	2125	0.000000
281474976710655.000000	84.860970	2126	0.000000
281474976710655.000000	79.076714	2127	0.000000
281474976710655.000000	83.747360	2128	0.000000
281474976710655.000000	155.460129	2129	0.000000
281474976710655.000000	77.894623	2130	0.000000
281474976710655.000000	161.082153	2131	0.000000
281474976710655.000000	41.450203	2132	0.000000
281474976710655.000000	77.022667	2133	0.000000
281474976710655.000000	83.524963	2134	0.000000
281474976710655.000000	38.677319	2135	0.000000
281474976710655.000000	78.890923	2136	0.000000
281474976710655.000000	79.339493	2137	0.000000
281474976710655.000000	163.286469	2138	0.000000
281474976710655.000000	73.496216	2139	0.000000
281474976710655.000000	84.137665	2140	0.000000
281474976710655.000000	77.513893	2141	0.000000
281474976710655.000000	81.341057	2142	0.000000
281474976710655.000000	74.630661	2143	0.000000
281474976710655.000000	79.404633	2144	0.000000
281474976710655.000000	79.947060	2145	0.000000
281474976710655.000000	78.256493	2146	0.000000
281474976710655.000000	47.156620	2147	0.000000
281474976710655.000000	152.815948	2148	0.000000
281474976710655.000000	155.851685	2149	0.000000
281474976710655.000000	75.474327	2150	0.000000
281474976710655.000000	72.791580	2151	0.000000
281474976710655.000000	50.452579	2152	0.000000
281474976710655.000000	38.052177	2153	0.000000
281474976710655.000000	40.894894	2154	0.000000
281474976710655.000000	145.638275	2155	0.000000
281474976710655.000000	75.728210	2156	0.000000
281474976710655.000000	120.646622	2157	0.000000
281474976710655.000000	76.554207	2158	0.000000
281474976710655.000000	40.878563	2159	0.000000
281474976710655.000000	75.198883	2160	0.000000
281474976710655.000000	73.097031	2161	0.000000
281474976710655.000000	37.268070	2162	0.000000
281474976710655.000000	73.034332	2163	0.000000
281474976710655.000000	77.806511	2164	0.000000
281474976710655.000000	71.343025	2165	0.000000
281474976710655.000000	49.558338	2166	0.000000
281474976710655.000000	69.193741	2167	0.000000
281474976710655.000000	76.463486	2168	0.000000
281474976710655.000000	75.743340	2169	0.000000
281474976710655.000000	52.625946	2170	0.000000
281474976710655.000000	142.170700	2171	0.000000
281474976710655.000000	74.832825	2172	0.000000
281474976710655.000000	66.463013	2173	0.000000
281474976710655.000000	116.302383	2174	0.000000
281474976710655.000000	66.424469	2175	0.000000
281474976710655.000000	76.752617	2176	0.000000
281474976710655.000000	68.299355	2177	0.000000
281474976710655.000000	75.232979	2178	0.000000
281474976710655.000000	41.407883	2179	0.000000
281474976710655.000000	75.985336	2180	0.000000
281474976710655.000000	50.690811	2181	0.000000
281474976710655.000000	70.964973	2182	0.000000
281474976710655.000000	131.349869	2183	0.000000
281474976710655.000000	52.800083	2184	0.000000
281474976710655.000000	68.550438	2185	0.000000
281474976710655.000000	146.545471	2186	0.000000
281474976710655.000000	68.043175	2187	0.000000
281474976710655.000000	33.801857	2188	0.000000
281474976710655.000000	70.345467	2189	0.000000
281474976710655.000000	45.576477	2190	0.000000
281474976710655.000000	67.960808	2191	0.000000
281474976710655.000000	68.504036	2192	0.000000
281474976710655.000000	67.866798	2193	0.000000
281474976710655.000000	69.529427	2194	0.000000
281474976710655.000000	44.046783	2195	0.000000
281474976710655.000000	44.471958	2196	0.000000
281474976710655.000000	65.201073	2197	0.000000
281474976710655.000000	78.345947	2198	0.000000
281474976710655.000000	64.065742	2199	0.000000
281474976710655.000000	68.170456	2200	0.000000
281474976710655.000000	62.757065	2201	0.000000
281474976710655.000000	68.187485	2202	0.000000
281474976710655.000000	48.629467	2203	0.000000
281474976710655.000000	43.468197	2204	0.000000
281474976710655.000000	61.648808	2205	0.000000
281474976710655.000000	66.117378	2206	0.000000
281474976710655.000000	38.641273	2207	0.000000
281474976710655.000000	49.899040	2208	0.000000
281474976710655.000000	46.463005	2209	0.000000
281474976710655.000000	65.930153	2210	0.000000
281474976710655.000000	66.495422	2211	0.000000
281474976710655.000000	49.540379	2212	0.000000
281474976710655.000000	62.640606	2213	0.000000
281474976710655.000000	66.303360	2214	0.000000
281474976710655.000000	60.032669	2215	0.000000
281474976710655.000000	64.946968	2216	0.000000
281474976710655.000000	60.405724	2217	0.000000
281474976710655.000000	44.653881	2218	0.000000
281474976710655.000000	59.826038	2219	0.000000
281474976710655.000000	63.141949	2220	0.000000
281474976710655.000000	50.569702	2221	0.000000
281474976710655.000000	62.281250	2222	0.000000
281474976710655.000000	64.081589	2223	0.000000
281474976710655.000000	62.153313	2224	0.000000
281474976710655.000000	57.890385	2225	0.000000
281474976710655.000000	62.655575	2226	0.000000
281474976710655.000000	40.390480	2227	0.000000
281474976710655.000000	63.748188	2228	0.000000
281474976710655.000000	45.876816	2229	0.000000
281474976710655.000000	65.463371	2230	0.000000
281474976710655.000000	59.276134	2231	0.000000
281474976710655.000000	47.939354	2232	0.000000
281474976710655.000000	54.280075	2233	0.000000
281474976710655.000000	66.402336	2234	0.000000
281474976710655.000000	35.265984	2235	0.000000
281474976710655.000000	47.472660	2236	0.000000
281474976710655.000000	74.005638	2237	0.000000
281474976710655.000000	60.972504	2238	0.000000
281474976710655.000000	42.519089	2239	0.000000
281474976710655.000000	59.825157	2240	0.000000
281474976710655.000000	42.028217	2241	0.000000
281474976710655.000000	58.283627	2242	0.000000
281474976710655.000000	106.469543	2243	0.000000
281474976710655.000000	45.371616	2244	0.000000
281474976710655.000000	57.658497	2245	0.000000
281474976710655.000000	56.404686	2246	0.000000
281474976710655.000000	87.136749	2247	0.000000
281474976710655.000000	30.675472	2248	0.000000
281474976710655.000000	54.629917	2249	0.000000
281474976710655.000000	58.983032	2250	0.000000
281474976710655.000000	54.853901	2251	0.000000
281474976710655.000000	57.022793	2252	0.000000
281474976710655.000000	51.541988	2253	0.000000
281474976710655.000000	57.818451	2254	0.000000
281474976710655.000000	58.429607	2255	0.000000
281474976710655.000000	46.536110	2256	0.000000
281474976710655.000000	41.328140	2257	0.000000
281474976710655.000000	56.356594	2258	0.000000
281474976710655.000000	43.302555	2259	0.000000
281474976710655.000000	54.836037	2260	0.000000
281474976710655.000000	50.676220	2261	0.000000
281474976710655.000000	61.437382	2262	0.000000
281474976710655.000000	70.433014	2263	0.000000
281474976710655.000000	53.247009	2264	0.000000
281474976710655.000000	48.993999	2265	0.000000
281474976710655.000000	114.624008	2266	0.000000
281474976710655.000000	44.028549	2267	0.000000
281474976710655.000000	54.808250	2268	0.000000
281474976710655.000000	58.040390	2269	0.000000
281474976710655.000000	43.436680	2270	0.000000
281474976710655.000000	72.384308	2271	0.000000
281474976710655.000000	46.164165	2272	0.000000
281474976710655.000000	106.351654	2273	0.000000
281474976710655.000000	49.744480	2274	0.000000
281474976710655.000000	51.206135	2275	0.000000
281474976710655.000000	50.022560	2276	0.000000
281474976710655.000000	49.833797	2277	0.000000
281474976710655.000000	53.012901	2278	0.000000
281474976710655.000000	49.685341	2279	0.000000
281474976710655.000000	84.861305	2280	0.000000
281474976710655.000000	48.217117	2281	0.000000
281474976710655.000000	72.916649	2282	0.000000
281474976710655.000000	48.532410	2283	0.000000
281474976710655.000000	55.983288	2284	0.000000
281474976710655.000000	49.196075	2285	0.000000
281474976710655.000000	55.316570	2286	0.000000
281474976710655.000000	39.264664	2287	0.000000
281474976710655.000000	51.813038	2288	0.000000
281474976710655.000000	45.922165	2289	0.000000
281474976710655.000000	52.947758	2290	0.000000
281474976710655.000000	46.489578	2291	0.000000
281474976710655.000000	51.199181	2292	0.000000
281474976710655.000000	34.666672	2293	0.000000
281474976710655.000000	42.021507	2294	0.000000
281474976710655.000000	35.309048	2295	0.000000
281474976710655.000000	49.765472	2296	0.000000
281474976710655.000000	41.978638	2297	0.000000
281474976710655.000000	37.676712	2298	0.000000
281474976710655.000000	71.869080	2299	0.000000
281474976710655.000000	37.544262	2300	0.000000
281474976710655.000000	49.805527	2301	0.000000
281474976710655.000000	42.731430	2302	0.000000
281474976710655.000000	42.319859	2303	0.000000
281474976710655.000000	37.036579	2304	0.000000
281474976710655.000000	44.027477	2305	0.000000
281474976710655.000000	66.563583	2306	0.000000
281474976710655.000000	32.542816	2307	0.000000
281474976710655.000000	65.149483	2308	0.000000
281474976710655.000000	30.534464	2309	0.000000
281474976710655.000000	40.114933	2310	0.000000
281474976710655.000000	43.372585	2311	0.000000
281474976710655.000000	40.419434	2312	0.000000
281474976710655.000000	43.911358	2313	0.000000
281474976710655.000000	49.674908	2314	0.000000
281474976710655.000000	53.935364	2315	0.000000
281474976710655.000000	45.577366	2316	0.000000
281474976710655.000000	48.950665	2317	0.000000
281474976710655.000000	40.922943	2318	0.000000
281474976710655.000000	54.257927	2319	0.000000
281474976710655.000000	38.337330	2320	0.000000
281474976710655.000000	37.152981	2321	0.000000
281474976710655.000000	53.833241	2322	0.000000
281474976710655.000000	44.179409	2323	0.000000
281474976710655.000000	35.527061	2324	0.000000
281474976710655.000000	34.944778	2325	0.000000
281474976710655.000000	40.780754	2326	0.000000
281474976710655.000000	32.592964	2327	0.000000
281474976710655.000000	35.873108	2328	0.000000
281474976710655.000000	50.303810	2329	0.000000
281474976710655.000000	33.707989	2330	0.000000
281474976710655.000000	39.198238	2331	0.000000
281474976710655.000000	47.098251	2332	0.000000
281474976710655.000000	29.401810	2333	0.000000
281474976710655.000000	41.159801	2334	0.000000
281474976710655.000000	37.764008	2335	0.000000
281474976710655.000000	35.880699	2336	0.000000
281474976710655.000000	33.470528	2337	0.000000
281474976710655.000000	38.409752	2338	0.000000
281474976710655.000000	42.851631	2339	0.000000
281474976710655.000000	38.783497	2340	0.000000
281474976710655.000000	47.338978	2341	0.000000
281474976710655.000000	41.771362	2342	0.000000
281474976710655.000000	42.998852	2343	0.000000
281474976710655.000000	40.344624	2344	0.000000
281474976710655.000000	36.262154	2345	0.000000
281474976710655.000000	34.877090	2346	0.000000
281474976710655.000000	43.506680	2347	0.000000
281474976710655.000000	33.663490	2348	0.000000
281474976710655.000000	41.984161	2349	0.000000
281474976710655.000000	41.564472	2350	0.000000
281474976710655.000000	43.889503	2351	0.000000
281474976710655.000000	51.088882	2352	0.000000
281474976710655.000000	35.474743	2353	0.000000
281474976710655.000000	36.558247	2354	0.000000
281474976710655.000000	37.285526	2355	0.000000
281474976710655.000000	34.034618	2356	0.000000
281474976710655.000000	32.615021	2357	0.000000
281474976710655.000000	40.389835	2358	0.000000
281474976710655.000000	31.816933	2359	0.000000
281474976710655.000000	31.106337	2360	0.000000
281474976710655.000000	36.826714	2361	0.000000
281474976710655.000000	37.386238	2362	0.000000
281474976710655.000000	42.388691	2363	0.000000
281474976710655.000000	40.576145	2364	0.000000
281474976710655.000000	31.969166	2365	0.000000
281474976710655.000000	42.095543	2366	0.000000
281474976710655.000000	30.459976	2367	0.000000
281474976710655.000000	32.560005	2368	0.000000
281474976710655.000000	40.814770	2369	0.000000
281474976710655.000000	30.911589	2370	0.000000
281474976710655.000000	40.414158	2371	0.000000
281474976710655.000000	45.025768	2372	0.000000
281474976710655.000000	29.304811	2373	0.000000
281474976710655.000000	37.391399	2374	0.000000
281474976710655.000000	26.599817	2375	0.000000
281474976710655.000000	41.666447	2376	0.000000
281474976710655.000000	28.363089	2377	0.000000
281474976710655.000000	29.852150	2378	0.000000
281474976710655.000000	41.400169	2379	0.000000
281474976710655.000000	30.801321	2380	0.000000
281474976710655.000000	34.681084	2381	0.000000
281474976710655.000000	31.906475	2382	0.000000
281474976710655.000000	32.233498	2383	0.000000
281474976710655.000000	33.439114	2384	0.000000
281474976710655.000000	27.343544	2385	0.000000
281474976710655.000000	33.800488	2386	0.000000
281474976710655.000000	26.353407	2387	0.000000
281474976710655.000000	30.836535	2388	0.000000
281474976710655.000000	33.080544	2389	0.000000
281474976710655.000000	31.046843	2390	0.000000
281474976710655.000000	38.171543	2391	0.000000
